264340155;41.71791;-8.790936;-0.1534308;0.7281149
264340158;41.71789;-8.790068;-0.1534156;0.7281145
264340160;41.71784;-8.789364;-0.1534033;0.7281137
264340162;41.71773;-8.788427;-0.153387;0.7281117
264340164;41.7173;-8.785274;-0.153332;0.7281042
264340170;41.71727;-8.784598;-0.1533202;0.7281038
264340172;41.71723;-8.783895;-0.1533079;0.728103
264340174;41.71722;-8.783207;-0.1532959;0.7281029
264340176;41.71732;-8.782422;-0.1532822;0.7281045
264340178;41.71739;-8.781683;-0.1532693;0.7281058
264340180;41.71757;-8.780805;-0.153254;0.7281089
264340182;41.71777;-8.779917;-0.1532385;0.7281125
264340184;41.71796;-8.779198;-0.1532259;0.7281159
264340186;41.71812;-8.778406;-0.1532121;0.7281185
264340188;41.71826;-8.777779;-0.1532011;0.728121
264340190;41.71837;-8.777135;-0.1531899;0.7281229
264340192;41.71845;-8.776493;-0.1531787;0.7281243
264340194;41.7185;-8.775804;-0.1531667;0.7281252
264340196;41.71854;-8.775202;-0.1531562;0.7281259
264340198;41.71854;-8.774592;-0.1531455;0.7281259
264340200;41.71854;-8.773866;-0.1531328;0.7281258
264340202;41.71851;-8.773053;-0.1531187;0.7281253
264340204;41.71843;-8.772233;-0.1531043;0.7281239
264340206;41.71834;-8.77154;-0.1530923;0.7281224
264340208;41.71825;-8.771003;-0.1530829;0.7281207
264340210;41.71803;-8.769967;-0.1530648;0.728117
264340212;41.7179;-8.769296;-0.1530531;0.7281146
264340214;41.71775;-8.768525;-0.1530396;0.7281121
264340216;41.71751;-8.767358;-0.1530193;0.728108
264340218;41.71735;-8.76653;-0.1530048;0.7281051
264340220;41.71714;-8.765355;-0.1529843;0.7281015
264340222;41.71696;-8.764385;-0.1529674;0.7280983
264340224;41.71682;-8.763504;-0.152952;0.7280958
264340226;41.71673;-8.762716;-0.1529382;0.7280943
264340228;41.71669;-8.762013;-0.152926;0.7280935
264340230;41.71667;-8.761458;-0.1529163;0.7280933
264340232;41.71669;-8.760795;-0.1529047;0.7280936
264340234;41.71673;-8.760026;-0.1528913;0.7280943
264340236;41.71679;-8.759497;-0.1528821;0.7280954
264340238;41.71685;-8.759044;-0.1528742;0.7280964
264340240;41.71708;-8.757666;-0.1528501;0.7281004
264340242;41.71724;-8.75672;-0.1528336;0.7281031
264340244;41.71733;-8.756033;-0.1528216;0.7281048
264340246;41.7174;-8.755376;-0.1528101;0.728106
264340248;41.71743;-8.75449;-0.1527947;0.7281066
264340250;41.71743;-8.753844;-0.1527834;0.7281064
264340252;41.71739;-8.753134;-0.152771;0.7281058
264340254;41.71729;-8.752364;-0.1527576;0.7281041
264340256;41.71716;-8.751577;-0.1527438;0.7281018
264340258;41.71706;-8.751091;-0.1527354;0.7281001
264340260;41.71695;-8.750527;-0.1527255;0.7280982
264340262;41.71673;-8.749476;-0.1527072;0.7280943
264340264;41.71657;-8.748684;-0.1526933;0.7280915
264340266;41.71637;-8.747704;-0.1526762;0.728088
264340268;41.71625;-8.747115;-0.152666;0.7280859
264340271;41.71615;-8.746388;-0.1526533;0.7280841
264340274;41.71609;-8.745798;-0.152643;0.7280831
264340276;41.71608;-8.745124;-0.1526312;0.728083
264340278;41.71613;-8.744327;-0.1526173;0.7280838
264340280;41.71624;-8.743519;-0.1526032;0.7280858
264340282;41.71643;-8.742727;-0.1525894;0.728089
264340284;41.71665;-8.742013;-0.1525769;0.7280929
264340286;41.71694;-8.741343;-0.1525652;0.7280979
264340288;41.71729;-8.740574;-0.1525518;0.728104
264340290;41.71757;-8.739989;-0.1525416;0.728109
264340292;41.7187;-8.737592;-0.1524998;0.7281286
264340294;41.71959;-8.735756;-0.1524677;0.7281441
264340296;41.71997;-8.735082;-0.1524559;0.7281509
264340300;41.72034;-8.734526;-0.1524462;0.7281572
264340302;41.72071;-8.733987;-0.1524368;0.7281638
264340304;41.72118;-8.733369;-0.152426;0.7281719
264340306;41.72179;-8.732612;-0.1524128;0.7281826
264342291;41.72149;-8.733167;-0.1524225;0.7281773
264342293;41.72075;-8.734101;-0.1524388;0.7281645
264342294;41.72031;-8.734735;-0.1524499;0.7281569
264342296;41.7198;-8.735582;-0.1524647;0.7281479
264342298;41.7192;-8.736744;-0.152485;0.7281373
264342300;41.7187;-8.737813;-0.1525036;0.7281286
264342301;41.71735;-8.740685;-0.1525537;0.7281051
264342303;41.71706;-8.74129;-0.1525643;0.7281001
264342305;41.71669;-8.742179;-0.1525798;0.7280937
264342307;41.71647;-8.742911;-0.1525926;0.7280898
264342308;41.71633;-8.74356;-0.1526039;0.7280874
264342310;41.71624;-8.744198;-0.152615;0.7280857
264342312;41.71619;-8.744742;-0.1526245;0.7280849
264342313;41.71618;-8.745258;-0.1526335;0.7280846
264342315;41.71618;-8.745813;-0.1526432;0.7280847
264342317;41.71624;-8.746416;-0.1526538;0.7280857
264342319;41.7163;-8.746875;-0.1526618;0.7280869
264342321;41.71642;-8.747545;-0.1526735;0.7280889
264342322;41.71655;-8.748174;-0.1526844;0.7280911
264342324;41.71666;-8.748684;-0.1526933;0.7280931
264342326;41.71679;-8.749295;-0.152704;0.7280952
264342328;41.717;-8.750289;-0.1527214;0.7280989
264342330;41.71716;-8.751058;-0.1527348;0.7281017
264342332;41.71729;-8.751784;-0.1527475;0.7281041
264342333;41.71738;-8.752373;-0.1527577;0.7281057
264342335;41.71746;-8.752954;-0.1527679;0.728107
264342337;41.71751;-8.753839;-0.1527833;0.728108
264342339;41.71752;-8.75458;-0.1527963;0.7281081
264342341;41.7175;-8.755241;-0.1528078;0.7281078
264342343;41.71743;-8.755982;-0.1528207;0.7281065
264342345;41.71734;-8.756716;-0.1528335;0.7281049
264342348;41.71713;-8.757889;-0.152854;0.7281013
264342350;41.71694;-8.759072;-0.1528746;0.728098
264342352;41.71686;-8.759663;-0.152885;0.7280966
264342353;41.71679;-8.760541;-0.1529003;0.7280952
264342355;41.71677;-8.761123;-0.1529104;0.728095
264342357;41.71677;-8.761868;-0.1529234;0.7280951
264342359;41.71681;-8.76258;-0.1529359;0.7280957
264342361;41.7169;-8.76333;-0.152949;0.7280973
264342363;41.71705;-8.764259;-0.1529652;0.7280999
264342365;41.71724;-8.765373;-0.1529846;0.7281032
264342367;41.71827;-8.770558;-0.1530751;0.7281211
264342369;41.71838;-8.771302;-0.1530881;0.7281231
264342370;41.7185;-8.772051;-0.1531012;0.7281252
264342372;41.71854;-8.772637;-0.1531114;0.7281259
264342374;41.71861;-8.773412;-0.1531249;0.7281271
264342376;41.71864;-8.774171;-0.1531382;0.7281275
264342378;41.71863;-8.774773;-0.1531487;0.7281274
264342380;41.71861;-8.775563;-0.1531625;0.7281271
264342382;41.71856;-8.776213;-0.1531738;0.7281262
264342383;41.71849;-8.776949;-0.1531867;0.728125
264342385;41.71838;-8.777754;-0.1532007;0.728123
264342387;41.71822;-8.7785;-0.1532137;0.7281204
264342389;41.71801;-8.779371;-0.1532289;0.7281167
264342392;41.71783;-8.780221;-0.1532438;0.7281135
264342394;41.71764;-8.78097;-0.1532568;0.7281103
264342396;41.7175;-8.781768;-0.1532708;0.7281078
264342397;41.71739;-8.782599;-0.1532853;0.7281058
264342399;41.71734;-8.783139;-0.1532947;0.7281049
264342405;41.71732;-8.783859;-0.1533073;0.7281047
264342407;41.71736;-8.784623;-0.1533206;0.7281052
264342411;41.71739;-8.785277;-0.153332;0.7281058
264342413;41.71782;-8.788411;-0.1533867;0.7281134
264342415;41.71793;-8.789345;-0.153403;0.7281153
264342418;41.71799;-8.790099;-0.1534162;0.7281162
264342420;41.718;-8.790954;-0.1534311;0.7281165
1111774651;41.72271;-8.731627;-0.1523956;0.7281987
1111774659;41.72264;-8.731542;-0.1523941;0.7281975
1303956622;41.71138;-8.775136;-0.153155;0.7280009
1303956626;41.72205;-8.779603;-0.153233;0.7281871
1303956628;41.72493;-8.783729;-0.153305;0.7282374
1303956634;41.72331;-8.779953;-0.1532391;0.7282091
1303956638;41.71852;-8.777472;-0.1531958;0.7281256
1303956639;41.72895;-8.784622;-0.1533206;0.7283076
1303956645;41.72302;-8.779473;-0.1532307;0.7282041
1303956649;41.71697;-8.778362;-0.1532113;0.7280985
1303956650;41.72275;-8.783127;-0.1532945;0.7281994
1303956653;41.71059;-8.775474;-0.1531609;0.7279871
1303956655;41.71886;-8.777488;-0.1531961;0.7281314
1303956665;41.71726;-8.777891;-0.1532031;0.7281036
1303956667;41.72831;-8.783264;-0.1532969;0.7282964
1303956669;41.72374;-8.782723;-0.1532874;0.7282166
1303956675;41.71675;-8.778843;-0.1532197;0.7280946
1303956676;41.714;-8.77664;-0.1531813;0.7280467
1303956677;41.72198;-8.78266;-0.1532863;0.728186
1303956683;41.71588;-8.778646;-0.1532163;0.7280795
1303956688;41.72169;-8.781772;-0.1532708;0.7281809
1303956692;41.72503;-8.783674;-0.153304;0.7282391
1303956700;41.72136;-8.779089;-0.153224;0.728175
1303956702;41.71866;-8.77745;-0.1531954;0.728128
1303956708;41.72312;-8.779479;-0.1532308;0.7282059
1303956710;41.71963;-8.778845;-0.1532197;0.7281449
1303956712;41.71432;-8.77686;-0.1531851;0.7280523
1303956715;41.71075;-8.775251;-0.153157;0.7279899
1303956727;41.72327;-8.779603;-0.153233;0.7282084
1303956730;41.71736;-8.777806;-0.1532016;0.7281052
1303956734;41.72382;-8.782728;-0.1532875;0.7282181
1303956744;41.72698;-8.783166;-0.1532952;0.7282732
1303956750;41.71681;-8.778795;-0.1532189;0.7280957
1303956752;41.72226;-8.782943;-0.1532913;0.7281907
1303956764;41.71618;-8.778579;-0.1532151;0.7280846
1303956767;41.72602;-8.78281;-0.153289;0.7282565
1303956786;41.71047;-8.775558;-0.1531624;0.727985
1303956787;41.71424;-8.776779;-0.1531837;0.7280508
1303956789;41.7232;-8.780143;-0.1532424;0.7282072
1303956800;41.72936;-8.785224;-0.1533311;0.7283147
1303956807;41.7165;-8.778801;-0.153219;0.7280902
1303956810;41.72418;-8.783526;-0.1533015;0.7282243
1303956817;41.72819;-8.783202;-0.1532958;0.7282943
1303956822;41.71566;-8.778556;-0.1532147;0.7280756
1303956827;41.71087;-8.775147;-0.1531552;0.7279919
1303956831;41.72263;-8.780417;-0.1532472;0.7281973
1303956838;41.71905;-8.777691;-0.1531996;0.7281348
1303956840;41.72441;-8.783701;-0.1533045;0.7282283
1303956851;41.7233;-8.779686;-0.1532344;0.728209
1303956853;41.71983;-8.779032;-0.153223;0.7281484
1303956854;41.71744;-8.777763;-0.1532009;0.7281067
1303956857;41.72876;-8.783849;-0.1533071;0.7283042
1303956868;41.71687;-8.778708;-0.1532174;0.7280967
1303956869;41.72242;-8.783057;-0.1532933;0.7281935
1303956874;41.71622;-8.778583;-0.1532152;0.7280855
1303956880;41.72168;-8.782026;-0.1532753;0.7281807
1303956893;41.72159;-8.779226;-0.1532264;0.7281791
1303956896;41.72958;-8.785843;-0.1533419;0.7283185
1303956899;41.71659;-8.778855;-0.1532199;0.728092
1303956901;41.72175;-8.782324;-0.1532805;0.7281819
1303956905;41.71575;-8.778631;-0.153216;0.7280772
1303956909;41.71099;-8.775105;-0.1531545;0.7279941
1303956913;41.72192;-8.779564;-0.1532323;0.7281849
1303956916;41.72461;-8.783741;-0.1533052;0.7282318
1303956925;41.71819;-8.777562;-0.1531974;0.7281197
1303956928;41.72397;-8.782873;-0.15329;0.7282207
1303956932;41.72725;-8.783075;-0.1532936;0.7282779
1303956935;41.71692;-8.778488;-0.1532135;0.7280976
1303956940;41.71628;-8.778614;-0.1532157;0.7280865
1303956941;41.72659;-8.782833;-0.1532893;0.7282663
1303956949;41.7169;-8.778608;-0.1532156;0.7280973
1303956951;41.72532;-8.783177;-0.1532954;0.7282442
1303956958;41.72681;-8.783102;-0.153294;0.7282702
1303956959;41.71154;-8.77522;-0.1531565;0.7280036
1303956961;41.71667;-8.778867;-0.1532201;0.7280933
1303956967;41.71582;-8.77865;-0.1532163;0.7280784
1524705396;41.72117;-8.775331;-0.1531584;0.7281718
1524705403;41.7213;-8.77693;-0.1531863;0.7281741
1524705409;41.72139;-8.774382;-0.1531419;0.7281757
1524705412;41.72157;-8.774179;-0.1531383;0.7281788
1524705415;41.72174;-8.779379;-0.1532291;0.7281817
1524705420;41.72176;-8.777926;-0.1532037;0.7281821
1524705422;41.7218;-8.77414;-0.1531376;0.7281828
1524705425;41.72319;-8.779535;-0.1532318;0.728207
1524705427;41.7233;-8.774307;-0.1531405;0.7282089
1524705428;41.72355;-8.774272;-0.1531399;0.7282134
1524705433;41.72372;-8.779594;-0.1532328;0.7282164
1524705435;41.72389;-8.773909;-0.1531336;0.7282193
1524705440;41.72401;-8.779511;-0.1532314;0.7282213
1524705442;41.72424;-8.773885;-0.1531332;0.7282254
1524705461;41.72442;-8.773993;-0.1531351;0.7282286
1524705464;41.72457;-8.779595;-0.1532328;0.7282311
1524705467;41.72465;-8.774417;-0.1531425;0.7282325
1524705470;41.72476;-8.774694;-0.1531473;0.7282344
1524705473;41.7251;-8.779488;-0.153231;0.7282404
1524705475;41.72528;-8.774879;-0.1531505;0.7282436
1524705477;41.7254;-8.77594;-0.1531691;0.7282456
1524705480;41.72541;-8.776142;-0.1531726;0.7282457
1524705481;41.72548;-8.776327;-0.1531758;0.728247
1524705486;41.72557;-8.778965;-0.1532218;0.7282487
1524705490;41.72566;-8.775178;-0.1531557;0.7282502
1524705493;41.72579;-8.778811;-0.1532192;0.7282524
1524705495;41.7258;-8.777868;-0.1532027;0.7282525
1524705497;41.72588;-8.778491;-0.1532136;0.728254
1524705500;41.72595;-8.774684;-0.1531471;0.7282553
1524705506;41.72643;-8.774216;-0.153139;0.7282636
1524705522;41.72659;-8.774355;-0.1531414;0.7282664
1524705525;41.72681;-8.774767;-0.1531486;0.7282703
1524705541;41.72733;-8.775269;-0.1531573;0.7282794
1524705543;41.72775;-8.775586;-0.1531629;0.7282867
1524705546;41.72815;-8.775434;-0.1531602;0.7282935
1524705549;41.7284;-8.775459;-0.1531607;0.7282981
1524705551;41.72869;-8.775627;-0.1531636;0.728303
1524705552;41.72887;-8.775876;-0.1531679;0.7283061
1524705554;41.72905;-8.776512;-0.153179;0.7283093
1524705555;41.72914;-8.777;-0.1531876;0.7283109
1524705558;41.72926;-8.777146;-0.1531901;0.728313
1524705561;41.72939;-8.777426;-0.153195;0.7283152
1541535748;41.71983;-8.77679;-0.1531839;0.7281484
1541535751;41.71888;-8.77739;-0.1531944;0.7281319
1541535757;41.71915;-8.776945;-0.1531866;0.7281365
1541535832;41.71896;-8.777073;-0.1531888;0.7281332
1541535871;41.72116;-8.776612;-0.1531808;0.7281717
1541535873;41.72079;-8.776649;-0.1531814;0.7281651
1541535899;41.72128;-8.776612;-0.1531808;0.7281736
2202675623;41.72471;-8.778749;-0.1532181;0.7282335
2202675626;41.72467;-8.778798;-0.1532189;0.7282328
2202675627;41.72463;-8.77933;-0.1532282;0.7282322
2202675635;41.728;-8.778132;-0.1532073;0.7282909
2202675655;41.72771;-8.778132;-0.1532073;0.7282858
2202675664;41.7266;-8.778141;-0.1532075;0.7282665
2202675665;41.72578;-8.778344;-0.153211;0.7282523
2202675666;41.72586;-8.778321;-0.1532106;0.7282536
2202675671;41.7282;-8.778052;-0.1532059;0.7282945
2202675679;41.72877;-8.77771;-0.1531999;0.7283044
2202675681;41.72462;-8.779472;-0.1532307;0.728232
2202675682;41.72528;-8.778422;-0.1532124;0.7282435
2202675689;41.72466;-8.77887;-0.1532202;0.7282327
2202675705;41.72624;-8.778289;-0.15321;0.7282602
2202675707;41.72721;-8.77799;-0.1532048;0.7282771
2202675709;41.72731;-8.777993;-0.1532049;0.7282789
2202675711;41.72539;-8.778393;-0.1532119;0.7282454
2202675720;41.72679;-8.778023;-0.1532054;0.7282699
2202675726;41.72489;-8.778624;-0.1532159;0.7282367
2202675735;41.72554;-8.778396;-0.1532119;0.7282481
2202675736;41.72894;-8.777583;-0.1531977;0.7283073
2202675746;41.72702;-8.777988;-0.1532048;0.7282739
2202675747;41.72755;-8.778085;-0.1532065;0.7282831
2202675748;41.72569;-8.778377;-0.1532116;0.7282507
2202675749;41.72907;-8.776632;-0.1531811;0.7283097
2202675750;41.7283;-8.778015;-0.1532053;0.7282963
2202675751;41.72908;-8.777462;-0.1531956;0.7283099
2202675755;41.72511;-8.778495;-0.1532136;0.7282405
2202675757;41.72741;-8.778042;-0.1532057;0.7282806
2202675761;41.72781;-8.778144;-0.1532075;0.7282878
2213717352;41.72598;-8.760808;-0.1529049;0.7282556
2213717355;41.73014;-8.763521;-0.1529523;0.7283284
2213717357;41.72366;-8.774659;-0.1531467;0.7282152
2213717359;41.71963;-8.75907;-0.1528746;0.7281449
2213717361;41.72481;-8.773263;-0.1531223;0.7282353
2213717370;41.72471;-8.772245;-0.1531046;0.7282336
2213717372;41.72337;-8.775736;-0.1531655;0.7282102
2213717375;41.72288;-8.75894;-0.1528723;0.7282016
2213717382;41.72089;-8.758287;-0.152861;0.7281668
2213717387;41.71719;-8.759553;-0.152883;0.7281024
2213717389;41.7258;-8.760732;-0.1529036;0.7282526
2213717391;41.72662;-8.768724;-0.1530431;0.728267
2213717397;41.71983;-8.758968;-0.1528728;0.7281484
2213717399;41.71846;-8.759553;-0.152883;0.7281246
2213717402;41.72343;-8.77564;-0.1531638;0.7282112
2213717406;41.72832;-8.767486;-0.1530215;0.7282965
2213717408;41.72307;-8.77587;-0.1531678;0.728205
2213717410;41.73029;-8.763816;-0.1529574;0.728331
2213717412;41.72458;-8.759698;-0.1528856;0.7282314
2213717416;41.72134;-8.758089;-0.1528575;0.7281747
2213717420;41.72858;-8.767288;-0.153018;0.728301
2213717422;41.71975;-8.759022;-0.1528738;0.728147
2213717426;41.72658;-8.762107;-0.1529276;0.7282662
2213717428;41.72112;-8.758051;-0.1528568;0.7281709
2213717429;41.7256;-8.760663;-0.1529024;0.7282491
2213717431;41.72543;-8.760538;-0.1529002;0.728246
2213717433;41.72589;-8.768864;-0.1530455;0.7282541
2213717435;41.7275;-8.768496;-0.1530391;0.7282823
2213717441;41.72463;-8.771628;-0.1530938;0.7282322
2213717442;41.72066;-8.758431;-0.1528635;0.7281629
2213717443;41.72233;-8.777548;-0.1531971;0.728192
2213717444;41.72651;-8.761564;-0.1529181;0.728265
2213717446;41.72573;-8.769032;-0.1530485;0.7282514
2213717450;41.72961;-8.76635;-0.1530017;0.7283192
2213717451;41.73009;-8.765406;-0.1529852;0.7283275
2213717453;41.7265;-8.761827;-0.1529227;0.7282647
2213717457;41.72105;-8.758089;-0.1528575;0.7281696
2213717459;41.72175;-8.778601;-0.1532155;0.7281819
2213717461;41.72525;-8.760406;-0.1528979;0.7282429
2213717462;41.72652;-8.761967;-0.1529252;0.7282651
2213717466;41.72556;-8.769605;-0.1530585;0.7282485
2213717468;41.72786;-8.767852;-0.1530279;0.7282886
2213717470;41.72254;-8.758743;-0.1528689;0.7281957
2213717472;41.72696;-8.762181;-0.1529289;0.7282728
2213717474;41.72372;-8.758958;-0.1528727;0.7282164
2213717476;41.71865;-8.759451;-0.1528813;0.7281278
2213717480;41.72677;-8.762246;-0.1529301;0.7282696
2213717482;41.72122;-8.758051;-0.1528568;0.7281726
2213717484;41.71746;-8.759628;-0.1528843;0.728107
2213717486;41.72478;-8.773453;-0.1531256;0.7282348
2213717491;41.72279;-8.758861;-0.152871;0.7282001
2213717496;41.71933;-8.759172;-0.1528764;0.7281396
2213717498;41.72265;-8.776235;-0.1531742;0.7281976
2213717505;41.72506;-8.770357;-0.1530716;0.7282397
2213717507;41.72465;-8.771816;-0.1530971;0.7282325
2213717508;41.72538;-8.769858;-0.1530629;0.7282452
2213717510;41.7191;-8.75923;-0.1528774;0.7281358
2213717512;41.72467;-8.759873;-0.1528886;0.7282328
2213717514;41.72495;-8.770582;-0.1530755;0.7282377
2213717516;41.72694;-8.768677;-0.1530423;0.7282726
2213717518;41.72578;-8.768934;-0.1530468;0.7282522
2213717519;41.7245;-8.773705;-0.15313;0.7282299
2213717523;41.72325;-8.775801;-0.1531666;0.7282081
2213717525;41.72763;-8.762138;-0.1529282;0.7282845
2213717527;41.7297;-8.76282;-0.1529401;0.7283207
2213717531;41.7267;-8.762236;-0.1529299;0.7282682
2213717534;41.72519;-8.770116;-0.1530674;0.728242
2213717536;41.72614;-8.768821;-0.1530448;0.7282586
2213717538;41.72253;-8.776918;-0.1531861;0.7281955
2213717540;41.72258;-8.776572;-0.1531801;0.7281963
2213717544;41.72464;-8.771457;-0.1530908;0.7282323
2213717548;41.72467;-8.773554;-0.1531274;0.7282329
2213717552;41.7294;-8.766493;-0.1530042;0.7283154
2213717554;41.72736;-8.762128;-0.152928;0.7282799
2213717558;41.72365;-8.774927;-0.1531514;0.728215
2213717559;41.73028;-8.764666;-0.1529723;0.7283307
2213717560;41.71771;-8.759623;-0.1528843;0.7281114
2213717561;41.72453;-8.759547;-0.1528829;0.7282305
2213717562;41.72716;-8.762112;-0.1529277;0.7282763
2213717563;41.72707;-8.762128;-0.152928;0.7282747
2213717564;41.72443;-8.759251;-0.1528778;0.7282287
2213717565;41.72651;-8.761709;-0.1529207;0.728265
2213717566;41.72636;-8.761098;-0.15291;0.7282624
2213717568;41.717;-8.759494;-0.152882;0.728099
2213717569;41.72354;-8.759118;-0.1528755;0.7282131
2213717570;41.72499;-8.760234;-0.1528949;0.7282384
2213717571;41.73039;-8.764167;-0.1529636;0.7283327
2213717573;41.72887;-8.767024;-0.1530134;0.7283062
2213717574;41.7235;-8.775468;-0.1531608;0.7282124
2213717576;41.72686;-8.762228;-0.1529297;0.7282712
2213717578;41.71951;-8.759124;-0.1528755;0.7281429
2213717579;41.72625;-8.761012;-0.1529085;0.7282605
2213717580;41.72818;-8.762138;-0.1529282;0.7282941
2213717581;41.72569;-8.76937;-0.1530544;0.7282507
2213717582;41.72361;-8.77518;-0.1531558;0.7282144
2213717583;41.72079;-8.758378;-0.1528625;0.7281651
2213717590;41.72477;-8.76002;-0.1528912;0.7282346
2213717592;41.73039;-8.764279;-0.1529655;0.7283327
2213717597;41.72842;-8.762193;-0.1529291;0.7282983
2213717599;41.72647;-8.761345;-0.1529143;0.7282644
2213717600;41.72777;-8.768091;-0.1530321;0.7282869
2213717601;41.72922;-8.762383;-0.1529324;0.7283123
2213717609;41.72993;-8.763088;-0.1529447;0.7283247
2213717613;41.73006;-8.763319;-0.1529488;0.728327
2213717615;41.7229;-8.775977;-0.1531697;0.7282019
2213717616;41.72098;-8.758147;-0.1528585;0.7281684
2213717618;41.72938;-8.76253;-0.152935;0.7283151
2213717620;41.72974;-8.766227;-0.1529995;0.7283213
2213717630;41.71834;-8.759559;-0.1528831;0.7281224
2213717634;41.72913;-8.766747;-0.1530086;0.7283108
2213717636;41.72791;-8.762117;-0.1529278;0.7282894
2213717638;41.72573;-8.769166;-0.1530508;0.7282514
2213717640;41.72382;-8.75887;-0.1528711;0.728218
2213717642;41.72426;-8.758935;-0.1528722;0.7282257
2213717644;41.72873;-8.762252;-0.1529301;0.7283037
2213717646;41.72857;-8.762208;-0.1529294;0.728301
2213717648;41.72663;-8.762181;-0.1529289;0.7282671
2213717650;41.72329;-8.759242;-0.1528776;0.7282088
2213717652;41.72416;-8.758861;-0.152871;0.7282239
2213717654;41.72802;-8.767652;-0.1530244;0.7282913
2213717658;41.73002;-8.76571;-0.1529905;0.7283262
2213717659;41.72912;-8.762321;-0.1529314;0.7283105
2213717660;41.72566;-8.769466;-0.1530561;0.7282501
2213717661;41.72273;-8.776081;-0.1531715;0.7281991
2213717664;41.72641;-8.7612;-0.1529118;0.7282633
2213717666;41.72406;-8.758802;-0.1528699;0.7282221
2213717677;41.72338;-8.759226;-0.1528773;0.7282104
2213717681;41.72987;-8.766017;-0.1529959;0.7283236
2213717683;41.72149;-8.758159;-0.1528587;0.7281773
2213717685;41.72477;-8.772669;-0.1531119;0.7282345
2213717687;41.72763;-8.768312;-0.1530359;0.7282845
2213717688;41.72366;-8.774375;-0.1531417;0.7282152
2213717694;41.71889;-8.759322;-0.152879;0.728132
2213717698;41.72394;-8.758797;-0.1528698;0.7282202
2213717703;41.72437;-8.759095;-0.1528751;0.7282276
2213717710;41.72368;-8.774179;-0.1531383;0.7282156
2213717712;41.72185;-8.758357;-0.1528622;0.7281837
2213717716;41.72483;-8.770929;-0.1530816;0.7282356
2213717718;41.73016;-8.765126;-0.1529803;0.7283286
2213717720;41.71795;-8.759619;-0.1528842;0.7281155
2213717722;41.72316;-8.759242;-0.1528776;0.7282065
2213717724;41.72299;-8.759128;-0.1528756;0.7282036
2213717726;41.72897;-8.762289;-0.1529308;0.7283078
2213717727;41.73034;-8.764455;-0.1529686;0.7283319
2213717731;41.73038;-8.764032;-0.1529612;0.7283325
2213717737;41.72481;-8.773039;-0.1531184;0.7282353
2213717738;41.72609;-8.760881;-0.1529062;0.7282576
2213717741;41.72202;-8.778252;-0.1532094;0.7281867
2213717750;41.72226;-8.758588;-0.1528662;0.7281908
2213717752;41.72469;-8.771285;-0.1530878;0.7282333
2213717754;41.72707;-8.768678;-0.1530423;0.7282748
2213717758;41.72729;-8.768641;-0.1530416;0.7282786
2323731894;41.72209;-8.758492;-0.1528645;0.7281879
2323731943;41.72166;-8.758253;-0.1528604;0.7281803
2323741997;41.72479;-8.773373;-0.1531242;0.728235
2323742084;41.72648;-8.774255;-0.1531396;0.7282645
2323742133;41.72645;-8.773875;-0.153133;0.7282639
2323742135;41.72572;-8.773597;-0.1531281;0.7282512
2323742220;41.7203;-8.758663;-0.1528675;0.7281566
2323742230;41.72543;-8.77338;-0.1531244;0.7282462
2323742236;41.72601;-8.773729;-0.1531305;0.7282563
2327195623;41.72763;-8.770636;-0.1530765;0.7282845
2327195629;41.72787;-8.770287;-0.1530704;0.7282888
2327195631;41.72675;-8.771322;-0.1530885;0.7282691
2327195645;41.72664;-8.772808;-0.1531144;0.7282673
2327195682;41.73073;-8.768924;-0.1530466;0.7283387
2327195701;41.72647;-8.768755;-0.1530436;0.7282643
2327195703;41.72813;-8.769943;-0.1530644;0.7282932
2327195750;41.726;-8.769879;-0.1530633;0.728256
2327195754;41.73263;-8.769015;-0.1530482;0.7283718
2327195761;41.72686;-8.769262;-0.1530525;0.728271
2327195763;41.72707;-8.769729;-0.1530606;0.7282747
2327195764;41.72661;-8.770255;-0.1530698;0.7282668
2327195789;41.73018;-8.768688;-0.1530425;0.7283291
2327195800;41.72581;-8.769337;-0.1530538;0.7282527
2327195829;41.7198;-8.758987;-0.1528732;0.7281479
2327195835;41.71726;-8.759572;-0.1528834;0.7281035
2327195837;41.72978;-8.76894;-0.1530469;0.7283221
2327195839;41.72903;-8.769354;-0.1530541;0.728309
2327195851;41.72702;-8.76953;-0.1530572;0.7282738
2327195874;41.72589;-8.769622;-0.1530588;0.7282541
2327195917;41.72675;-8.772203;-0.1531038;0.7282692
2327195942;41.72612;-8.769949;-0.1530645;0.7282583
2327195945;41.72672;-8.772143;-0.1531028;0.7282687
2327195974;41.73038;-8.768752;-0.1530436;0.7283326
2327196015;41.72562;-8.769651;-0.1530593;0.7282494
2327196125;41.72884;-8.76944;-0.1530556;0.7283056
2327196127;41.72999;-8.768747;-0.1530435;0.7283257
2327196157;41.7266;-8.773436;-0.1531253;0.7282665
2327196160;41.72659;-8.768887;-0.1530459;0.7282664
2327196170;41.72697;-8.770094;-0.153067;0.7282731
2327196184;41.7268;-8.770501;-0.1530741;0.7282699
2327196202;41.72923;-8.769182;-0.1530511;0.7283125
2327196211;41.72643;-8.761244;-0.1529126;0.7282636
2327196219;41.72825;-8.769804;-0.153062;0.7282953
2327196258;41.72863;-8.769465;-0.153056;0.7283021
2327196264;41.72691;-8.772309;-0.1531057;0.728272
2327196275;41.73122;-8.769236;-0.153052;0.7283472
2327196312;41.73066;-8.76886;-0.1530455;0.7283374
2327196342;41.73224;-8.769117;-0.15305;0.7283649
2327196353;41.73176;-8.769289;-0.153053;0.7283566
2327196379;41.73249;-8.769053;-0.1530488;0.7283694
2327196384;41.72784;-8.770464;-0.1530735;0.7282883
2327196396;41.72844;-8.769675;-0.1530597;0.7282986
2327196399;41.72739;-8.770711;-0.1530778;0.7282804
2327196402;41.73205;-8.769262;-0.1530525;0.7283617
2327196417;41.72688;-8.770658;-0.1530769;0.7282714
2327196423;41.72678;-8.772255;-0.1531047;0.7282698
2327196435;41.72844;-8.767392;-0.1530199;0.7282987
2327196470;41.73099;-8.769048;-0.1530488;0.7283432
2327196520;41.72721;-8.772701;-0.1531125;0.7282772
2327196562;41.73139;-8.7693;-0.1530531;0.7283502
2327196566;41.72635;-8.77004;-0.1530661;0.7282622
2327196579;41.72712;-8.772518;-0.1531093;0.7282757
2327196638;41.72553;-8.769652;-0.1530593;0.7282479
2353611806;41.71602;-8.768189;-0.1530338;0.7280819
2353611810;41.71979;-8.779106;-0.1532243;0.7281477
2353611819;41.71635;-8.767883;-0.1530284;0.7280877
2353611820;41.71402;-8.768469;-0.1530387;0.728047
2353611822;41.71249;-8.770271;-0.1530701;0.7280204
2353611824;41.71268;-8.770121;-0.1530675;0.7280235
2353611826;41.71943;-8.780087;-0.1532414;0.7281415
2353611828;41.71339;-8.770335;-0.1530712;0.728036
2353611830;41.71653;-8.767567;-0.1530229;0.7280908
2353611838;41.71686;-8.766264;-0.1530002;0.7280966
2353611842;41.71976;-8.77924;-0.1532266;0.7281471
2353611853;41.72133;-8.773973;-0.1531347;0.7281746
2353611855;41.71203;-8.770443;-0.1530731;0.7280123
2353611864;41.71313;-8.770394;-0.1530723;0.7280315
2353611868;41.71325;-8.770384;-0.1530721;0.7280335
2353611872;41.71832;-8.778886;-0.1532205;0.7281221
2353611880;41.7285;-8.767342;-0.153019;0.7282998
2353611890;41.71666;-8.766768;-0.153009;0.7280931
2353611891;41.7136;-8.770041;-0.1530661;0.7280396
2353611892;41.72137;-8.772845;-0.153115;0.7281752
2353611893;41.71558;-8.768281;-0.1530354;0.7280741
2353611898;41.71672;-8.766462;-0.1530036;0.7280941
2353611899;41.71496;-8.76813;-0.1530327;0.7280634
2353611901;41.71938;-8.781219;-0.1532612;0.7281405
2353611904;41.71946;-8.779236;-0.1532266;0.7281419
2353611910;41.72131;-8.772679;-0.1531121;0.7281742
2353611914;41.72145;-8.774314;-0.1531407;0.7281767
2353611916;41.71388;-8.769804;-0.153062;0.7280446
2353611918;41.71412;-8.768109;-0.1530324;0.7280487
2353611920;41.71424;-8.768056;-0.1530314;0.7280508
2353611924;41.72137;-8.773323;-0.1531234;0.7281753
2353611943;41.71894;-8.779229;-0.1532265;0.7281329
2353611946;41.72055;-8.772148;-0.1531029;0.7281609
2353611948;41.71705;-8.766172;-0.1529986;0.7280999
2374796029;41.72441;-8.759208;-0.152877;0.7282283
2378719998;41.72796;-8.788606;-0.1533901;0.7282903
2379603851;41.72437;-8.784105;-0.1533116;0.7282276
2379603852;41.72407;-8.783607;-0.1533028;0.7282224
2379603853;41.72532;-8.785018;-0.1533275;0.7282441
2379603856;41.72472;-8.784465;-0.1533178;0.7282338
2379603862;41.72412;-8.783348;-0.1532983;0.7282233
2379769165;41.72106;-8.781569;-0.1532673;0.7281699
2379769167;41.72607;-8.784883;-0.1533251;0.7282574
2379769168;41.72105;-8.781403;-0.1532644;0.7281697
2379769171;41.72744;-8.787802;-0.1533761;0.7282811
2379769174;41.72094;-8.783623;-0.1533031;0.7281677
2379769179;41.72564;-8.784905;-0.1533255;0.7282498
2379769182;41.72176;-8.779739;-0.1532354;0.728182
2379769183;41.72134;-8.784836;-0.1533243;0.7281748
2379769189;41.72178;-8.779585;-0.1532327;0.7281823
2379769190;41.72118;-8.784492;-0.1533183;0.7281719
2379769194;41.72087;-8.783501;-0.153301;0.7281666
2379769195;41.72678;-8.787143;-0.1533646;0.7282696
2379769196;41.72625;-8.786498;-0.1533533;0.7282604
2379769198;41.72644;-8.786922;-0.1533607;0.7282638
2379769204;41.7262;-8.784798;-0.1533237;0.7282596
2379769218;41.72632;-8.785034;-0.1533278;0.7282616
2379769219;41.72126;-8.784583;-0.1533199;0.7281734
2379769222;41.72181;-8.779451;-0.1532303;0.728183
2379769227;41.722;-8.785854;-0.1533421;0.7281862
2379769229;41.72541;-8.784959;-0.1533265;0.7282459
2379769231;41.72173;-8.785764;-0.1533405;0.7281816
2379769232;41.72631;-8.785589;-0.1533375;0.7282616
2379769236;41.72133;-8.783451;-0.1533001;0.7281746
2379769240;41.72139;-8.785431;-0.1533347;0.7281756
2379769242;41.72129;-8.783526;-0.1533015;0.7281739
2379769244;41.72273;-8.785823;-0.1533415;0.7281991
2379769245;41.72347;-8.785254;-0.1533316;0.728212
2379769246;41.72469;-8.785195;-0.1533306;0.7282332
2379769247;41.72116;-8.783569;-0.1533022;0.7281716
2379769249;41.72591;-8.784953;-0.1533264;0.7282544
2379769250;41.72099;-8.780753;-0.153253;0.7281685
2379769257;41.72243;-8.785924;-0.1533433;0.7281937
2379769264;41.72755;-8.78799;-0.1533794;0.7282831
2379769265;41.72102;-8.781863;-0.1532724;0.7281691
2379769267;41.72225;-8.785919;-0.1533432;0.7281906
2379769270;41.72318;-8.785339;-0.1533331;0.7282068
2379769276;41.72134;-8.785114;-0.1533292;0.7281748
2379769278;41.72113;-8.784395;-0.1533166;0.7281711
2379769279;41.7271;-8.787523;-0.1533712;0.7282753
2379769280;41.72627;-8.784876;-0.153325;0.7282608
2379769281;41.72302;-8.785543;-0.1533367;0.7282041
2379769282;41.72122;-8.780437;-0.1532476;0.7281727
2379769286;41.72134;-8.783328;-0.153298;0.7281747
2379769287;41.72126;-8.783226;-0.1532962;0.7281734
2379769289;41.72107;-8.784009;-0.1533099;0.7281701
2379769290;41.72145;-8.780272;-0.1532446;0.7281768
2379769291;41.72626;-8.786166;-0.1533475;0.7282606
2379769294;41.72154;-8.785636;-0.1533383;0.7281783
2379769296;41.72099;-8.782459;-0.1532828;0.7281686
2379769298;41.72098;-8.780614;-0.1532506;0.7281685
2379769305;41.72632;-8.786724;-0.1533573;0.7282616
2379769310;41.72118;-8.78306;-0.1532933;0.7281719
2379769311;41.72096;-8.782105;-0.1532767;0.7281682
2379769312;41.72776;-8.788285;-0.1533845;0.7282867
2379769316;41.72108;-8.782824;-0.1532892;0.7281702
2379769317;41.7239;-8.785195;-0.1533306;0.7282194
2379769318;41.72097;-8.783812;-0.1533064;0.7281682
2379769320;41.72634;-8.785194;-0.1533306;0.7282621
2379769322;41.72657;-8.787051;-0.153363;0.7282661
2379769325;41.72104;-8.780507;-0.1532488;0.7281696
2379769328;41.72171;-8.779986;-0.1532397;0.7281812
2379769330;41.72573;-8.784938;-0.1533261;0.7282515
2379769333;41.72518;-8.785173;-0.1533302;0.7282418
2379769339;41.721;-8.781117;-0.1532594;0.7281688
2379967088;41.72253;-8.789084;-0.1533985;0.7281955
2379990766;41.72467;-8.787614;-0.1533728;0.7282329
2379990775;41.72371;-8.787744;-0.1533751;0.7282162
2379990793;41.72633;-8.787056;-0.1533631;0.7282618
2379990799;41.72527;-8.787389;-0.1533689;0.7282434
2379990819;41.72605;-8.787212;-0.1533658;0.7282569
2379990834;41.72338;-8.787765;-0.1533754;0.7282103
2379990839;41.72397;-8.787668;-0.1533737;0.7282206
2379990840;41.72617;-8.78719;-0.1533654;0.728259
2379990846;41.72553;-8.787201;-0.1533656;0.7282479
2379990851;41.72313;-8.787786;-0.1533758;0.728206
2379990854;41.7243;-8.787642;-0.1533733;0.7282264
2379990860;41.72509;-8.787518;-0.1533711;0.7282402
2379990868;41.72295;-8.787883;-0.1533775;0.7282028
2379990870;41.72266;-8.788671;-0.1533913;0.7281979
2379990871;41.72574;-8.78719;-0.1533654;0.7282516
2379990890;41.72284;-8.788081;-0.1533809;0.7282009
2380294550;41.7268;-8.784479;-0.1533181;0.7282699
2380294554;41.72872;-8.78369;-0.1533043;0.7283035
2380294559;41.72811;-8.78285;-0.1532897;0.7282929
2380294561;41.72766;-8.784438;-0.1533174;0.728285
2380294570;41.72628;-8.784661;-0.1533213;0.728261
2380294590;41.728;-8.782714;-0.1532873;0.7282911
2380294593;41.72724;-8.78211;-0.1532767;0.7282777
2380294603;41.72829;-8.783035;-0.1532929;0.7282961
2380294612;41.72637;-8.78458;-0.1533199;0.7282625
2380294621;41.72879;-8.783987;-0.1533095;0.7283048
2380294625;41.72853;-8.784007;-0.1533099;0.7283003
2380294627;41.7283;-8.783259;-0.1532968;0.7282963
2380294631;41.72652;-8.784506;-0.1533186;0.7282652
2380294636;41.72698;-8.784484;-0.1533182;0.7282732
2380294638;41.72792;-8.782563;-0.1532846;0.7282896
2380294644;41.72832;-8.783137;-0.1532947;0.7282966
2380294648;41.72793;-8.784451;-0.1533176;0.7282897
2380294670;41.72812;-8.784374;-0.1533163;0.7282931
2380294674;41.7274;-8.782258;-0.1532793;0.7282805
2380294676;41.72823;-8.782958;-0.1532915;0.7282951
2380294708;41.72622;-8.784817;-0.153324;0.7282599
2380294718;41.7272;-8.784465;-0.1533178;0.728277
2380294723;41.72765;-8.782392;-0.1532816;0.728285
2380294731;41.72735;-8.784425;-0.1533171;0.7282796
2380294737;41.72867;-8.783881;-0.1533076;0.7283027
2381149315;41.72179;-8.786391;-0.1533515;0.7281826
2381149318;41.72137;-8.787152;-0.1533647;0.7281752
2381149320;41.71978;-8.781032;-0.1532579;0.7281476
2381149322;41.71584;-8.787515;-0.1533711;0.7280788
2381149324;41.71384;-8.78553;-0.1533364;0.7280439
2381149329;41.72148;-8.789347;-0.153403;0.7281771
2381149333;41.71776;-8.782606;-0.1532854;0.7281122
2381149339;41.72217;-8.78601;-0.1533448;0.7281893
2381149347;41.71301;-8.785836;-0.1533418;0.7280294
2381149349;41.71404;-8.787858;-0.1533771;0.7280473
2381149351;41.7223;-8.780894;-0.1532555;0.7281916
2381149352;41.72044;-8.783417;-0.1532995;0.7281591
2381149353;41.71347;-8.786581;-0.1533548;0.7280375
2381149354;41.71701;-8.783776;-0.1533058;0.7280992
2381149355;41.71527;-8.784356;-0.1533159;0.7280688
2381149358;41.71498;-8.784948;-0.1533263;0.7280637
2381149360;41.71605;-8.787426;-0.1533695;0.7280824
2381149362;41.71905;-8.781443;-0.1532651;0.7281348
2381149364;41.71317;-8.785619;-0.153338;0.7280322
2381149366;41.71387;-8.788156;-0.1533823;0.7280445
2381149368;41.71709;-8.785243;-0.1533314;0.7281005
2381149370;41.72369;-8.781105;-0.1532592;0.7282158
2381149374;41.71847;-8.781689;-0.1532694;0.7281246
2381149376;41.71751;-8.782789;-0.1532886;0.7281079
2381149379;41.71748;-8.783296;-0.1532974;0.7281075
2381149381;41.72238;-8.780965;-0.1532567;0.7281929
2381149383;41.72449;-8.780993;-0.1532572;0.7282297
2381149385;41.72356;-8.781263;-0.153262;0.7282134
2381149389;41.72262;-8.781469;-0.1532656;0.728197
2381149391;41.7216;-8.786488;-0.1533531;0.7281792
2381149395;41.71738;-8.778374;-0.1532115;0.7281056
2381149397;41.71479;-8.785128;-0.1533294;0.7280604
2381149401;41.71403;-8.788885;-0.153395;0.7280471
2381149403;41.7197;-8.787217;-0.1533659;0.7281461
2381149405;41.72244;-8.781059;-0.1532584;0.728194
2381149407;41.71986;-8.784863;-0.1533248;0.7281489
2381149413;41.72145;-8.789258;-0.1534015;0.7281766
2381149415;41.71574;-8.787531;-0.1533713;0.7280771
2381149417;41.71965;-8.786432;-0.1533522;0.7281452
2381149419;41.72821;-8.7796;-0.1532329;0.7282947
2381149422;41.71574;-8.783366;-0.1532987;0.7280771
2381149439;41.71606;-8.779841;-0.1532371;0.7280826
2381149441;41.7152;-8.784554;-0.1533194;0.7280676
2381149446;41.71706;-8.783065;-0.1532934;0.7281001
2381149449;41.71591;-8.782684;-0.1532868;0.72808
2381149451;41.71302;-8.785691;-0.1533392;0.7280295
2381149454;41.72282;-8.781576;-0.1532674;0.7282005
2381149460;41.71964;-8.786522;-0.1533537;0.7281451
2381149463;41.72139;-8.786801;-0.1533586;0.7281756
2381149466;41.71886;-8.785715;-0.1533397;0.7281314
2381149469;41.71727;-8.785798;-0.1533411;0.7281037
2381149474;41.71773;-8.785774;-0.1533407;0.7281117
2381149477;41.71993;-8.785222;-0.1533311;0.7281502
2381149480;41.72503;-8.78089;-0.1532554;0.7282391
2381149483;41.71772;-8.785666;-0.1533388;0.7281116
2381149486;41.71749;-8.783768;-0.1533057;0.7281076
2381149488;41.71617;-8.779229;-0.1532265;0.7280846
2381149491;41.71595;-8.787498;-0.1533708;0.7280807
2381149493;41.72116;-8.784458;-0.1533177;0.7281716
2381149497;41.72004;-8.785587;-0.1533374;0.728152
2381149503;41.71959;-8.783745;-0.1533053;0.7281443
2381149508;41.71371;-8.787311;-0.1533675;0.7280415
2381149511;41.71851;-8.781644;-0.1532686;0.7281253
2381149514;41.72132;-8.787343;-0.1533681;0.7281744
2381149517;41.71968;-8.786785;-0.1533583;0.7281458
2381149523;41.72948;-8.779359;-0.1532287;0.7283168
2381149526;41.72328;-8.781416;-0.1532646;0.7282087
2381149529;41.71642;-8.787182;-0.1533653;0.7280889
2381149535;41.71609;-8.780552;-0.1532495;0.7280831
2381149538;41.71422;-8.78538;-0.1533338;0.7280505
2381149540;41.71922;-8.783336;-0.1532981;0.7281377
2381149544;41.71615;-8.779347;-0.1532285;0.7280842
2381149547;41.72419;-8.781043;-0.1532581;0.7282245
2381149550;41.71712;-8.786707;-0.153357;0.7281011
2381149554;41.71972;-8.786391;-0.1533515;0.7281466
2381149556;41.71615;-8.780721;-0.1532525;0.7280841
2381149558;41.71601;-8.78038;-0.1532466;0.7280818
2381149560;41.71751;-8.780439;-0.1532476;0.7281079
2381149565;41.72108;-8.784549;-0.1533193;0.7281702
2381149567;41.72001;-8.785181;-0.1533303;0.7281514
2381149568;41.71593;-8.778776;-0.1532186;0.7280803
2381149570;41.71585;-8.778647;-0.1532163;0.728079
2381149572;41.71307;-8.786039;-0.1533453;0.7280305
2381149576;41.72095;-8.780584;-0.1532501;0.728168
2381149578;41.71837;-8.782381;-0.1532815;0.7281229
2381149580;41.72062;-8.784741;-0.1533227;0.7281621
2381149582;41.71903;-8.783304;-0.1532976;0.7281345
2381149584;41.71807;-8.78243;-0.1532823;0.7281176
2381149586;41.71819;-8.784648;-0.153321;0.7281197
2381149588;41.71426;-8.787834;-0.1533766;0.7280511
2381149592;41.71782;-8.779227;-0.1532264;0.7281132
2381149594;41.72065;-8.783405;-0.1532993;0.7281628
2381149596;41.71974;-8.7871;-0.1533638;0.7281469
2381149598;41.71976;-8.783243;-0.1532965;0.7281473
2381149600;41.71712;-8.782532;-0.1532841;0.7281011
2381149602;41.71615;-8.780898;-0.1532556;0.7280842
2381149604;41.7168;-8.78306;-0.1532933;0.7280956
2381149606;41.71732;-8.78124;-0.1532615;0.7281046
2381149608;41.71595;-8.783368;-0.1532987;0.7280806
2381149614;41.71337;-8.785608;-0.1533378;0.7280356
2381149620;41.71548;-8.787598;-0.1533725;0.7280726
2381149625;41.72006;-8.783417;-0.1532995;0.7281524
2381149627;41.72129;-8.789052;-0.1533979;0.7281739
2381149631;41.71998;-8.785425;-0.1533346;0.728151
2381149634;41.72121;-8.787595;-0.1533725;0.7281725
2381149636;41.71964;-8.783996;-0.1533096;0.7281451
2381149637;41.72327;-8.784559;-0.1533195;0.7282084
2381149639;41.71793;-8.778739;-0.1532179;0.7281151
2381149641;41.71601;-8.780238;-0.1532441;0.7280817
2381149643;41.72123;-8.788934;-0.1533958;0.7281729
2381149645;41.72123;-8.78861;-0.1533902;0.7281728
2381149647;41.72472;-8.78091;-0.1532558;0.7282338
2381149651;41.71976;-8.78449;-0.1533183;0.7281473
2381149653;41.72343;-8.783629;-0.1533033;0.7282113
2381149657;41.72146;-8.786633;-0.1533557;0.7281768
2381149659;41.72354;-8.782804;-0.1532888;0.7282132
2381149661;41.71568;-8.783532;-0.1533016;0.7280759
2381149663;41.72953;-8.779078;-0.1532238;0.7283177
2381149669;41.72326;-8.784704;-0.153322;0.7282082
2381149671;41.71602;-8.782024;-0.1532752;0.7280819
2381149672;41.72003;-8.780828;-0.1532544;0.7281519
2381149674;41.72852;-8.779563;-0.1532323;0.7283
2381149678;41.71752;-8.784205;-0.1533133;0.7281081
2381149687;41.71998;-8.785917;-0.1533432;0.728151
2381149689;41.72121;-8.788367;-0.153386;0.7281724
2381149693;41.72002;-8.785719;-0.1533397;0.7281518
2381149697;41.71356;-8.785643;-0.1533384;0.728039
2381149699;41.72084;-8.784758;-0.153323;0.728166
2381149700;41.71763;-8.778543;-0.1532145;0.72811
2381149709;41.71651;-8.783078;-0.1532936;0.7280905
2381149711;41.71706;-8.785012;-0.1533274;0.7281001
2381149713;41.71605;-8.778954;-0.1532216;0.7280824
2381149717;41.72911;-8.779566;-0.1532323;0.7283103
2381149719;41.71756;-8.784305;-0.153315;0.7281088
2381149724;41.71779;-8.778581;-0.1532151;0.7281128
2381149726;41.71717;-8.778048;-0.1532058;0.7281019
2381149728;41.71756;-8.782735;-0.1532876;0.7281088
2381149730;41.71608;-8.781464;-0.1532654;0.7280829
2381149734;41.7178;-8.786231;-0.1533487;0.7281129
2381149736;41.7204;-8.784844;-0.1533245;0.7281584
2381149738;41.71876;-8.781576;-0.1532674;0.7281297
2381149742;41.72935;-8.779519;-0.1532315;0.7283146
2381149744;41.7179;-8.778642;-0.1532162;0.7281148
2381149750;41.71781;-8.785503;-0.153336;0.7281131
2381149751;41.71991;-8.783349;-0.1532984;0.7281498
2381149753;41.71804;-8.784511;-0.1533186;0.7281172
2381149755;41.71752;-8.778535;-0.1532143;0.7281081
2381149763;41.71529;-8.784195;-0.1533131;0.7280692
2381149765;41.71766;-8.779817;-0.1532367;0.7281104
2381149767;41.71846;-8.781965;-0.1532742;0.7281246
2381149769;41.71647;-8.779021;-0.1532228;0.7280897
2381149771;41.71807;-8.784996;-0.1533271;0.7281177
2381149773;41.7175;-8.78314;-0.1532947;0.7281077
2381149775;41.71738;-8.786519;-0.1533537;0.7281057
2381149777;41.71748;-8.782909;-0.1532907;0.7281074
2381149781;41.71354;-8.786718;-0.1533572;0.7280386
2381149787;41.71515;-8.787686;-0.1533741;0.7280666
2381149791;41.71634;-8.78313;-0.1532945;0.7280875
2381149793;41.71735;-8.78631;-0.15335;0.7281051
2381149797;41.71616;-8.779222;-0.1532263;0.7280843
2381149799;41.71384;-8.787907;-0.1533779;0.7280439
2381149800;41.71698;-8.783972;-0.1533092;0.7280986
2381149803;41.71845;-8.782252;-0.1532792;0.7281244
2381149804;41.72791;-8.779778;-0.153236;0.7282894
2381149807;41.72351;-8.783173;-0.1532953;0.7282126
2381149819;41.72535;-8.780837;-0.1532545;0.7282447
2381149822;41.72336;-8.78424;-0.1533139;0.72821
2381149824;41.72346;-8.783374;-0.1532988;0.7282117
2381149826;41.72118;-8.788767;-0.1533929;0.7281719
2381149828;41.72388;-8.781038;-0.153258;0.7282192
2381149832;41.72095;-8.784658;-0.1533212;0.728168
2381149834;41.72296;-8.781556;-0.1532671;0.728203
2381149836;41.72034;-8.783443;-0.1533;0.7281573
2381149839;41.71704;-8.783216;-0.1532961;0.7280998
2381149841;41.71655;-8.778954;-0.1532216;0.7280912
2381149843;41.72119;-8.788009;-0.1533797;0.7281722
2381149848;41.72139;-8.789194;-0.1534004;0.7281757
2381149852;41.72197;-8.786287;-0.1533496;0.7281858
2381149854;41.72955;-8.77879;-0.1532188;0.7283181
2381149856;41.71966;-8.781076;-0.1532587;0.7281455
2381149858;41.72255;-8.781348;-0.1532634;0.7281958
2381149862;41.72313;-8.781486;-0.1532658;0.728206
2381149864;41.72055;-8.780724;-0.1532525;0.7281609
2381149867;41.71725;-8.781681;-0.1532692;0.7281033
2381149869;41.71991;-8.786286;-0.1533496;0.7281498
2381149873;41.72024;-8.780729;-0.1532526;0.7281556
2381149875;41.71768;-8.784366;-0.1533161;0.7281108
2381149877;41.72021;-8.78346;-0.1533003;0.728155
2381149883;41.72123;-8.787497;-0.1533708;0.7281729
2381149885;41.71613;-8.77947;-0.1532307;0.7280837
2381149886;41.72076;-8.783381;-0.1532989;0.7281646
2381149887;41.7222;-8.785908;-0.153343;0.7281898
2381149888;41.71534;-8.783991;-0.1533096;0.7280701
2381149889;41.71585;-8.783403;-0.1532993;0.728079
2381149894;41.71713;-8.785471;-0.1533354;0.7281013
2381149898;41.71722;-8.785626;-0.1533381;0.7281028
2381149902;41.72036;-8.780722;-0.1532525;0.7281576
2381149904;41.71984;-8.785268;-0.1533318;0.7281486
2381149905;41.72209;-8.786155;-0.1533473;0.7281879
2381149909;41.71701;-8.784411;-0.1533169;0.7280992
2381149911;41.72354;-8.78298;-0.1532919;0.7282132
2381149930;41.71952;-8.783315;-0.1532978;0.728143
2381149934;41.7212;-8.787719;-0.1533746;0.7281723
2381149936;41.71995;-8.786217;-0.1533484;0.7281504
2381149938;41.71392;-8.788481;-0.1533879;0.7280453
2381149940;41.72118;-8.788687;-0.1533915;0.728172
2381149945;41.71548;-8.783749;-0.1533053;0.7280725
2381149950;41.7288;-8.779582;-0.1532326;0.728305
2381149955;41.71611;-8.779186;-0.1532257;0.7280835
2381149957;41.71734;-8.786547;-0.1533542;0.728105
2381149958;41.71476;-8.787769;-0.1533755;0.7280599
2381149959;41.71333;-8.786492;-0.1533532;0.7280349
2381149960;41.7179;-8.778868;-0.1532201;0.7281148
2381149962;41.71949;-8.783298;-0.1532975;0.7281426
2381149964;41.72326;-8.784857;-0.1533247;0.7282082
2381149970;41.72375;-8.781016;-0.1532577;0.7282168
2381149972;41.71817;-8.784567;-0.1533196;0.7281194
2381149976;41.72342;-8.783896;-0.1533079;0.728211
2381149982;41.71954;-8.783449;-0.1533001;0.7281433
2381149984;41.72324;-8.785079;-0.1533286;0.7282079
2381149986;41.71933;-8.783339;-0.1532982;0.7281396
2381149988;41.71831;-8.785909;-0.153343;0.7281218
2381149990;41.71817;-8.785956;-0.1533439;0.7281195
2381149992;41.71729;-8.785996;-0.1533446;0.728104
2381149996;41.721;-8.78058;-0.15325;0.7281688
2381149997;41.71321;-8.786343;-0.1533506;0.7280329
2381149999;41.728;-8.779689;-0.1532345;0.7282909
2381150001;41.72081;-8.78066;-0.1532514;0.7281656
2381150003;41.71952;-8.78548;-0.1533355;0.7281429
2977252628;41.72633;-8.785329;-0.1533329;0.7282619
2980944344;41.71822;-8.738846;-0.1525216;0.7281204
2980944345;41.71913;-8.736673;-0.1524837;0.7281361
4217839998;41.72863;-8.788016;-0.1533798;0.7283021
4217840005;41.72745;-8.787828;-0.1533765;0.7282814
4217840006;41.72835;-8.787828;-0.1533765;0.7282971
4217840008;41.72855;-8.787926;-0.1533782;0.7283006
4217840009;41.72763;-8.787788;-0.1533758;0.7282846
4217840010;41.728;-8.787815;-0.1533763;0.7282911
4217840012;41.72789;-8.787848;-0.1533769;0.7282891
4217840013;41.72822;-8.787794;-0.1533759;0.7282948
4217840015;41.72752;-8.787772;-0.1533756;0.7282827
4217840020;41.72757;-8.787754;-0.1533752;0.7282834
4217840023;41.72774;-8.787828;-0.1533765;0.7282864
4372516331;41.72331;-8.782635;-0.1532859;0.7282092
4372516332;41.72306;-8.782216;-0.1532786;0.7282048
4372516333;41.72293;-8.781926;-0.1532735;0.7282025
4372516334;41.72023;-8.772294;-0.1531054;0.7281553
4372516335;41.72029;-8.772311;-0.1531057;0.7281564
4372516336;41.72088;-8.771807;-0.1530969;0.7281668
4372516337;41.7217;-8.771246;-0.1530871;0.728181
4372516338;41.72176;-8.771221;-0.1530867;0.7281821
4372516339;41.72183;-8.771246;-0.1530871;0.7281833
4372516340;41.72193;-8.771318;-0.1530884;0.7281851
4372516341;41.72204;-8.771417;-0.1530901;0.728187
4372516342;41.72218;-8.771441;-0.1530905;0.7281894
4372516343;41.72235;-8.771449;-0.1530907;0.7281924
4372516344;41.72247;-8.771408;-0.15309;0.7281945
4372516345;41.72262;-8.771335;-0.1530887;0.7281971
4372516346;41.72279;-8.771189;-0.1530861;0.7282
4372516347;41.72359;-8.771563;-0.1530927;0.7282141
4372516348;41.72308;-8.771384;-0.1530895;0.7282052
4372516349;41.72287;-8.77127;-0.1530875;0.7282014
4372516350;41.72275;-8.770896;-0.153081;0.7281994
4372516351;41.72269;-8.770571;-0.1530753;0.7281984
4372516352;41.72281;-8.770319;-0.1530709;0.7282003
4372516353;41.72293;-8.7701;-0.1530671;0.7282025
4372516354;41.72307;-8.769879;-0.1530633;0.728205
4372516355;41.72322;-8.769766;-0.1530613;0.7282075
4372516356;41.72336;-8.769701;-0.1530602;0.72821
4372516357;41.72352;-8.769669;-0.1530596;0.7282128
4372516358;41.72369;-8.769725;-0.1530606;0.7282157
4372516359;41.72386;-8.769709;-0.1530603;0.7282187
4372516360;41.72396;-8.769725;-0.1530606;0.7282206
4372516361;41.72416;-8.769115;-0.1530499;0.728224
4372516362;41.72427;-8.768742;-0.1530434;0.7282259
4372516363;41.72435;-8.768408;-0.1530376;0.7282274
4372516364;41.72251;-8.766155;-0.1529983;0.7281951
4372516365;41.72351;-8.768262;-0.153035;0.7282127
4372516366;41.72383;-8.768311;-0.1530359;0.7282183
4372516367;41.7241;-8.768246;-0.1530348;0.728223
4372516368;41.72589;-8.768156;-0.1530332;0.7282541
4372516369;41.72585;-8.768042;-0.1530312;0.7282534
4372516370;41.72574;-8.767944;-0.1530295;0.7282516
4372516371;41.72554;-8.767822;-0.1530274;0.728248
4372516372;41.72536;-8.767798;-0.153027;0.728245
4372516373;41.72519;-8.767831;-0.1530275;0.7282419
4372516374;41.72503;-8.767903;-0.1530288;0.7282392
4372516375;41.72487;-8.768091;-0.1530321;0.7282363
4372516376;41.72472;-8.76814;-0.1530329;0.7282338
4372516377;41.72451;-8.768221;-0.1530343;0.7282301
4373388426;41.72389;-8.787151;-0.1533647;0.7282192
4373388430;41.72396;-8.785198;-0.1533306;0.7282204
